1004,7
1017,3
1017,2
1017,1
1017,0
1016,4
1016,3
1016,2
1016,1
1016,0
1015,5
1015,4
1015,3
1015,2
1015,1
1015,0
1014,4
1014,3
1014,2
1014,1
1014,0
1013,3
1013,2
1013,1
1013,0
1012,5
1012,4
1012,3
1012,2
1012,1
1012,0
1011,4
1011,3
1011,2
1011,1
1011,0
1010,3
1010,2
1010,1
1010,0
1009,4
1009,3
1009,2
1009,1
1009,0
1008,3
1008,2
1008,1
1008,0
1007,3
1007,2
1007,1
1007,0
1006,3
1006,2
1006,1
1006,0
1005,4
1005,3
1005,2
1005,1
1005,0
1004,6
1004,5
1004,4
1004,3
1004,2
1004,1
1004,0
1003,5
1003,4
1003,3
1003,2
1003,1
1003,0
1002,4
1002,3
1002,2
1002,1
1002,0
1001,3
1001,2
1001,1
1001,0
1000,3
1000,2
1000,1
1000,0
999,3
999,2
999,1
999,0
998,3
998,2
998,1
998,0
997,4
997,3
997,2
997,1
997,0
996,4
996,3
996,2
996,1
996,0
995,3
995,2
995,1
995,0
994,4
994,3
994,2
994,1
994,0
993,5
993,4
993,3
993,2
993,1
993,0
992,4
992,3
992,2
992,1
992,0
991,3
991,2
991,1
991,0
990,5
990,4
990,3
990,2
990,1
990,0
989,4
989,3
989,2
989,1
989,0
988,3
988,2
988,1
988,0
987,4
987,3
987,2
987,1
987,0
986,3
986,2
986,1
986,0
985,3
985,2
985,1
985,0
984,3
984,2
984,1
984,0
983,4
983,3
983,2
983,1
983,0
982,6
982,5
982,4
982,3
982,2
982,1
982,0
981,5
981,4
981,3
981,2
981,1
981,0
980,4
980,3
980,2
980,1
980,0
979,3
979,2
979,1
979,0
978,3
978,2
978,1
978,0
977,3
977,2
977,1
977,0
976,3
976,2
976,1
976,0
975,4
975,3
975,2
975,1
975,0
974,4
974,3
974,2
974,1
974,0
973,4
973,3
973,2
973,1
973,0
972,5
972,4
972,2
969,5
969,4
969,2
972,1
966,4
972,3
966,3
966,2
972,0
966,1
969,1
966,0
964,3
964,2
964,1
964,0
963,3
963,2
963,1
963,0
962,4
962,3
962,2
962,1
962,0
961,6
969,3
961,5
961,4
961,2
957,3
957,2
957,1
957,0
956,3
956,2
956,1
956,0
955,3
955,2
955,1
955,0
954,4
954,3
954,2
954,1
954,0
953,4
953,3
953,2
953,1
953,0
55,3
55,2
55,1
55,0
4,3
4,2
4,1
4,0
3,6
3,5
3,4
3,3
3,2
3,1
3,0
2,2
1,2
0,445
0,444
0,443
0,441
0,439
0,438
0,437
0,434
0,433
0,408
0,374
0,367
0,333
0,332
0,322
0,320
0,315
969,0
961,1
961,3
0,314
961,0
0,313
1,1
0,243
1,3
1,0
2,1
2,3
2,0
0,9
0,310
0,305
0,308
0,304
0,303
0,302
0,307
0,12
0,10
0,8
0,0
0,326
0,300
0,424
0,299
0,365
0,298
0,297
0,409
0,296
0,306
0,295
0,312
0,294
0,417
0,293
0,354
0,292
0,291
0,388
0,290
0,396
0,289
0,352
0,288
0,394
0,287
0,400
0,286
0,350
0,285
0,377
0,284
0,330
0,283
0,357
0,282
0,309
0,281
0,436
0,280
0,355
0,279
0,429
0,278
0,386
0,277
0,415
0,276
0,349
0,275
0,421
0,274
0,273
0,325
0,272
0,271
0,328
0,270
0,366
0,269
0,376
0,268
0,362
0,267
0,420
0,266
0,364
0,265
0,375
0,264
0,393
0,263
0,419
0,262
0,372
0,261
0,401
0,260
0,368
0,259
0,358
0,258
0,382
0,257
0,351
0,256
0,356
0,255
0,392
0,254
0,427
0,253
0,407
0,252
0,360
0,251
0,418
0,250
0,390
0,249
0,334
0,248
0,363
0,247
0,395
0,246
0,245
0,428
0,244
0,340
0,242
0,343
0,241
0,318
0,240
0,414
0,239
0,359
0,238
0,361
0,237
0,347
0,236
0,324
0,235
0,387
0,234
0,405
0,233
0,399
0,232
0,446
0,231
0,327
0,230
0,229
0,321
0,228
0,406
0,227
0,337
0,226
0,319
0,225
0,416
0,224
0,410
0,223
0,316
0,222
0,342
0,221
0,425
0,220
0,440
0,219
0,391
0,218
0,435
0,217
0,339
0,216
0,336
0,215
0,384
0,214
0,412
0,213
0,404
0,212
0,348
0,211
0,426
0,210
0,371
0,209
0,346
0,208
0,411
0,207
0,329
0,206
0,397
0,205
0,403
0,204
0,335
0,203
0,353
0,202
0,447
0,201
0,323
0,200
0,432
0,199
0,369
0,198
0,383
0,197
0,379
0,196
0,301
0,195
0,423
0,194
0,344
0,193
0,385
0,192
0,422
0,63
0,345
0,62
0,442
0,61
0,431
0,60
0,402
0,59
0,430
0,58
0,381
0,57
0,341
0,56
0,317
0,55
0,378
0,54
0,373
0,53
0,370
0,52
0,380
0,51
0,311
0,50
0,413
0,49
0,398
0,48
0,338
0,47
0,389
0,46
0,45
0,331
0,6
0,5
0,1
0,11
0,4
0,2
0,3
0,7
